# Created by Octave 3.8.1, Thu May 12 16:56:22 2016 IST <sandip@sandip>
# name: ent_mntn_cnt
# type: matrix
# rows: 111
# columns: 1
 4
 2
 13
 60
 1
 1
 4
 1
 1
 2
 1
 13
 1
 1
 9
 1
 157
 2
 2
 1
 1
 1
 125
 1
 1
 1
 1
 5
 1
 1
 4
 40
 1
 1
 1
 1
 6
 31
 1
 1
 16
 99
 1
 1
 5
 1
 1
 1
 1
 1
 1
 9
 1
 2
 1
 3
 9
 3
 1
 4
 1
 1
 1
 1
 34
 1
 3
 8
 2
 1
 11
 1
 1
 1
 2
 1
 1
 1
 8
 1
 4
 4
 1
 1
 159
 1
 26
 2
 1
 1
 1
 4
 1
 1
 1
 3
 1
 1
 17
 4
 1
 1
 9
 1
 8
 1
 1
 1
 13
 1
 14


